url            https://www.bom.gov.au/ntc/IDO59002/IDO59002_2026_VIC_TS001.pdf
http status    200
content-type   application/pdf
bytes          57626
looks like pdf True

pages          5

----- PAGE 1 -----
  0| Conditions of Use
  1| 1) Disclaimer, Attribution and Copyright acknowledgement
  2| a) Any publication of Bureau tide predictions must acknowledge copyright
  3| in the Material in the Commonwealth of Australia represented by the
  4| Bureau of Meteorology and must include the following disclaimer:
  5| “The Bureau of Meteorology gives no warranty of any kind whether
  6| express, implied, statutory or otherwise in respect to the availability,
  7| accuracy, currency, completeness, quality or reliability of the
  8| information or that the information will be fit for any particular
  9| purpose or will not infringe any third party Intellectual Property
 10| rights.
 11| The Bureau's liability for any loss, damage, cost or expense
 12| resulting from use of, or reliance on, the information is entirely
 13| excluded.”
 14| b) Where a user creates new products from the Bureau tide predictions
 15| the Bureau should be acknowledged and a disclaimer displayed as
 16| follows:
 17| “This product is based on Bureau of Meteorology information that
 18| has subsequently been modified. The Bureau does not necessarily
 19| support or endorse, or have any connection with, the product.
 20| In respect of that part of the information which is sourced from the
 21| Bureau, and to the maximum extent permitted by law:
 22| (i) The Bureau makes no representation and gives no warranty of
 23| any kind whether express, implied, statutory or otherwise in respect
 24| to the availability, accuracy, currency, completeness, quality or
 25| reliability of the information or that the information will be fit for any
 26| particular purpose or will not infringe any third party Intellectual
 27| Property rights; and
 28| (ii) the Bureau's liability for any loss, damage, cost or expense
 29| resulting from use of, or reliance on, the information is entirely
 30| excluded.”
 31| 2) The disclaimers required will be displayed with the product or where this is
 32| not possible a clear and obvious link to these as part of the copyright or
 33| attribution notice will be required to ensure these terms are clearly and
 34| adequately brought to the attention of the user.

page 1 tables found: 0
----- PAGE 2 -----
 35| THE RIP – VICTORIA 2026
 36| LAT 38° 17’ S LONG 144° 37’ E
 37| Tidal Stream Predictions (Rates in knots) Local Time
 38| JANUARY FEBRUARY MARCH
 39| Slack Maximum Slack Maximum Slack Maximum Slack Maximum Slack Maximum Slack Maximum
 40| Time Time Rate Time Time Rate Time Time Rate Time Time Rate Time Time Rate Time Time Rate
 41| 1 16 1 16 1 16
 42| 0304 -2.94 0206 0415 -2.26 0310 0514 -2.52 0329 0541 -2.04 0120 0326 -2.64 0106 0319 -2.24
 43| 0546 0823 2.43 0654 0929 1.48 0811 1053 1.76 0907 1121 1.05 0610 0856 1.97 0607 0847 1.35
 44| TH 1113 1422 -5.47 FR 1146 1513 -4.27 SU 1306 1620 -4.92 MO 1309 1643 -3.82 SU 1136 1452 -4.62 MO 1115 1440 -3.75
 45| 1904 2210 3.88 1944 2241 3.47 2102 2358 3.88 2102 1927 2232 3.37 1855 2225 2.92
 46| 2 17 2 17 2 17
 47| 0217 0422 -2.74 0316 0525 -2.20 0417 0631 -3.05 0008 3.43 0237 0448 -2.63 0216 0432 -2.26
 48| 0708 0946 1.97 0834 1053 1.16 0957 1235 2.22 0423 0645 -2.71 0804 1057 1.91 0801 1039 1.30
 49| FR 1212 1525 -5.41 SA 1243 1618 -4.13 MO 1440 1747 -4.95 TU 1024 1245 1.63 MO 1312 1623 -4.27 TU 1248 1606 -3.46
 50| 2011 2312 4.10 2042 2338 3.61 2212 1442 1756 -4.01 2048 2350 3.49 2013 2340 3.09
 51| 2204
 52| 3 18 3 18 3 18
 53| 0333 0541 -2.88 0416 0634 -2.55 0101 4.04 0102 3.67 0342 0606 -3.22 0314 0540 -2.84
 54| 0847 1118 1.91 1003 1210 1.28 0509 0731 -3.74 0502 0727 -3.43 0946 1233 2.52 0928 1210 2.05
 55| SA 1326 1636 -5.42 SU 1355 1726 -4.18 TU 1109 1352 2.90 WE 1110 1345 2.45 TU 1454 1754 -4.37 WE 1432 1729 -3.60
 56| 2119 2139 1604 1901 -5.21 1600 1854 -4.38 2202 2128
 57| 2313 2256
 58| 4 19 4 19 4 19
 59| 0012 4.30 0030 3.80 0158 4.19 0148 3.87 0056 3.69 0037 3.32
 60| 0437 0652 -3.30 0503 0725 -3.07 0551 0820 -4.39 0532 0800 -4.08 0433 0705 -3.98 0357 0629 -3.62
 61| SU 1013 1243 2.26 MO 1100 1315 1.73 WE 1204 1452 3.42 TH 1148 1429 3.14 WE 1053 1342 3.22 TH 1020 1308 2.97
 62| 1445 1749 -5.55 1506 1824 -4.40 1716 2004 -5.40 1703 1946 -4.74 1618 1905 -4.69 1556 1837 -4.02
 63| 2223 2230 2342 2303 2229
 64| 5 20 5 20 5 20
 65| 0109 4.44 0118 3.98 0006 0247 4.26 0229 4.00 0151 3.87 0125 3.52
 66| 0529 0748 -3.78 0541 0804 -3.56 0627 0903 -4.96 0558 0833 -4.68 0514 0751 -4.66 0431 0708 -4.37
 67| MO 1118 1354 2.77 TU 1144 1409 2.28 TH 1252 1539 3.73 FR 1224 1507 3.64 TH 1144 1430 3.71 FR 1104 1350 3.68
 68| 1600 1857 -5.73 1611 1911 -4.69 1817 2059 -5.40 1757 2037 -4.98 1724 2003 -4.92 1700 1935 -4.44
 69| 2322 2317 2353 2320
 70| 6 21 6 21 6 21
 71| 0205 4.50 0203 4.14 0050 0332 4.25 0023 0308 4.03 0237 3.95 0209 3.64
 72| 0615 0838 -4.24 0612 0838 -3.99 0700 0939 -5.42 0625 0905 -5.26 0548 0830 -5.21 0504 0744 -5.08
 73| TU 1214 1458 3.20 WE 1220 1455 2.77 FR 1334 1617 3.89 SA 1259 1543 3.98 FR 1226 1509 4.02 SA 1145 1429 4.18
 74| 1709 2002 -5.83 1706 1957 -4.94 1911 2149 -5.23 1847 2124 -5.06 1818 2054 -4.99 1754 2028 -4.71
 75| 2359
 76| 7 22 7 22 7 22
 77| 0015 0256 4.49 0244 4.23 0130 0412 4.15 0103 0345 3.99 0035 0318 3.95 0006 0248 3.68
 78| 0654 0924 -4.67 0640 0910 -4.39 0729 1012 -5.73 0651 0935 -5.77 0619 0903 -5.62 0535 0820 -5.72
 79| WE 1305 1554 3.48 TH 1255 1535 3.15 SA 1413 1653 3.95 SU 1336 1618 4.19 SA 1303 1543 4.20 SU 1225 1508 4.49
 80| 1812 2100 -5.75 1757 2042 -5.10 2000 2233 -4.95 1935 2211 -4.99 1904 2137 -4.95 1843 2117 -4.83
 81| 8 23 8 23 8 23
 82| 0102 0343 4.42 0038 0323 4.25 0205 0448 4.00 0141 0420 3.90 0112 0354 3.86 0047 0326 3.67
 83| 0731 1005 -5.07 0706 0941 -4.80 0756 1042 -5.86 0719 1005 -6.16 0648 0934 -5.84 0607 0855 -6.21
 84| TH 1352 1639 3.61 FR 1328 1612 3.42 SU 1448 1729 3.93 MO 1415 1656 4.28 SU 1336 1617 4.26 MO 1306 1548 4.64
 85| 1911 2154 -5.47 1846 2128 -5.12 2045 2315 -4.62 2024 2257 -4.77 1944 2217 -4.81 1931 2203 -4.80
 86| 9 24 9 24 9 24
 87| 0145 0427 4.29 0115 0400 4.20 0238 0520 3.79 0218 0454 3.76 0145 0425 3.73 0127 0401 3.62
 88| 0804 1041 -5.37 0730 1010 -5.21 0822 1111 -5.83 0748 1037 -6.36 0714 1003 -5.89 0642 0931 -6.49
 89| FR 1437 1721 3.64 SA 1403 1647 3.62 MO 1521 1803 3.87 TU 1455 1736 4.25 MO 1408 1649 4.24 TU 1348 1628 4.63
 90| 2007 2244 -5.06 1935 2214 -5.01 2129 2356 -4.27 2114 2342 -4.43 2022 2253 -4.63 2018 2247 -4.65
 91| 10 25 10 25 10 25
 92| 0224 0507 4.10 0151 0435 4.09 0309 0549 3.54 0254 0528 3.59 0216 0453 3.57 0205 0437 3.54
 93| 0835 1114 -5.54 0755 1039 -5.58 0848 1140 -5.67 0820 1112 -6.35 0740 1031 -5.81 0718 1009 -6.51
 94| SA 1519 1801 3.60 SU 1439 1724 3.76 TU 1555 1838 3.77 WE 1537 1819 4.12 TU 1439 1720 4.16 WE 1432 1711 4.48
 95| 2103 2333 -4.57 2025 2300 -4.76 2213 2206 2058 2329 -4.39 2105 2330 -4.39
 96| 11 26 11 26 11 26
 97| 0259 0544 3.86 0228 0511 3.92 0038 -3.89 0028 -4.01 0245 0518 3.40 0242 0512 3.41
 98| 0904 1148 -5.55 0821 1107 -5.86 0341 0617 3.26 0330 0603 3.37 0807 1059 -5.63 0757 1050 -6.28
 99| SU 1559 1841 3.53 MO 1518 1803 3.82 WE 0914 1211 -5.41 TH 0855 1151 -6.13 WE 1511 1752 4.04 TH 1516 1755 4.23
100| 2157 2119 2348 -4.39 1630 1915 3.65 1623 1907 3.89 2135 2154
101| 2300 2302
102| 12 27 12 27 12 27
103| 0022 -4.09 0304 0546 3.71 0123 -3.44 0120 -3.55 0005 -4.08 0016 -4.07
104| 0335 0620 3.55 0849 1139 -6.03 0414 0647 2.90 0409 0642 3.03 0314 0544 3.21 0322 0552 3.19
105| MO 0931 1220 -5.43 TU 1559 1846 3.83 TH 0943 1244 -5.08 FR 0936 1239 -5.73 TH 0835 1128 -5.39 FR 0840 1137 -5.84
106| 1638 1922 3.46 2216 1709 1957 3.49 1714 2005 3.64 1544 1826 3.87 1603 1844 3.91
107| 2254 2354 2216 2245
108| 13 28 13 28 13 28
109| 0114 -3.61 0039 -3.94 0213 -2.90 0007 0218 -3.05 0044 -3.68 0105 -3.72
110| 0411 0653 3.16 0342 0621 3.44 0451 0723 2.41 0458 0731 2.54 0344 0614 2.93 0406 0640 2.86
111| TU 0959 1256 -5.19 WE 0920 1215 -6.03 FR 1014 1323 -4.71 SA 1026 1337 -5.18 FR 0905 1200 -5.08 SA 0930 1232 -5.24
112| 1718 2005 3.41 1645 1936 3.78 1754 2048 3.31 1814 2114 3.44 1620 1903 3.62 1653 1941 3.56
113| 2353 2320 2303 2342
114| 14 29 14 14 29
115| 0209 -3.13 0135 -3.44 0100 0311 -2.30 0127 -3.19 0159 -3.37
116| 0453 0731 2.67 0423 0700 3.08 0540 0811 1.77 0417 0647 2.53 0503 0746 2.43
117| WE 1028 1335 -4.88 TH 0956 1258 -5.87 SA 1053 1413 -4.31 SA 0937 1240 -4.69 SU 1032 1337 -4.58
118| 1801 2053 3.38 1737 2034 3.71 1849 2152 3.19 1702 1949 3.32 1752 2051 3.25
119| 2359

=== PAGE 2 WORD POSITIONS (first 160) ===
      x0       x1      top  text
   181.0    209.0     45.0  THE
   212.8    236.2     45.0  RIP
   240.1    247.9     45.0  –
   251.8    318.6     45.0  VICTORIA
   487.6    541.0     45.8  2026
   169.1    187.4     61.1  LAT
   190.2    205.3     59.0  38°
   208.1    221.5     61.1  17’
   224.2    230.9     61.1  S
   253.2    281.5     61.1  LONG
   284.3    304.9     59.0  144°
   307.7    321.1     61.1  37’
   323.8    330.5     61.1  E
   158.9    180.6     73.9  Tidal
   183.4    215.6     73.9  Stream
   218.4    267.9     73.9  Predictions
   270.6    300.1     73.9  (Rates
   302.9    310.7     73.9  in
   313.4    340.7     73.9  knots)
   489.9    513.8     73.9  Local
   516.5    538.8     73.9  Time
    94.2    142.6     89.1  JANUARY
   270.6    326.2     89.1  FEBRUARY
   459.7    496.9     89.1  MARCH
    52.9     72.5    101.1  Slack
    74.7    109.3    101.1  Maximum
   139.3    158.9    101.1  Slack
   161.1    195.7    101.1  Maximum
   232.9    252.5    101.1  Slack
   254.7    289.3    101.1  Maximum
   319.3    338.9    101.1  Slack
   341.1    375.7    101.1  Maximum
   412.9    432.5    101.1  Slack
   434.7    469.3    101.1  Maximum
   499.3    518.9    101.1  Slack
   521.1    555.7    101.1  Maximum
    52.9     70.7    109.1  Time
    75.1     92.9    109.1  Time
    95.1    112.0    109.1  Rate
   139.3    157.1    109.1  Time
   161.5    179.3    109.1  Time
   181.5    198.4    109.1  Rate
   232.9    250.7    109.1  Time
   255.1    272.9    109.1  Time
   275.1    292.0    109.1  Rate
   319.3    337.1    109.1  Time
   341.5    359.3    109.1  Time
   361.5    378.4    109.1  Rate
   412.9    430.7    109.1  Time
   435.1    452.9    109.1  Time
   455.1    472.0    109.1  Rate
   499.3    517.1    109.1  Time
   521.5    539.3    109.1  Time
   541.5    558.4    109.1  Rate
    41.2     49.4    115.4  1
   119.3    135.7    115.4  16
   221.1    229.3    115.4  1
   299.3    315.7    115.4  16
   401.1    409.3    115.4  1
   479.3    495.7    115.4  16
    75.2     93.0    119.3  0304
    95.2    113.4    119.3  -2.94
   139.3    157.1    119.3  0206
   161.6    179.4    119.3  0415
   181.6    199.8    119.3  -2.26
   232.9    250.7    119.3  0310
   255.2    273.0    119.3  0514
   275.2    293.4    119.3  -2.52
   319.3    337.1    119.3  0329
   341.6    359.4    119.3  0541
   361.6    379.8    119.3  -2.04
   412.9    430.7    119.3  0120
   435.2    453.0    119.3  0326
   455.2    473.4    119.3  -2.64
   499.3    517.1    119.3  0106
   521.6    539.4    119.3  0319
   541.6    559.8    119.3  -2.24
    52.9     70.7    126.9  0546
    75.2     93.0    126.9  0823
    97.4    113.0    126.9  2.43
   139.3    157.1    126.9  0654
   161.6    179.4    126.9  0929
   183.8    199.4    126.9  1.48
   232.9    250.7    126.9  0811
   255.2    273.0    126.9  1053
   277.4    293.0    126.9  1.76
   319.3    337.1    126.9  0907
   341.6    359.4    126.9  1121
   363.8    379.4    126.9  1.05
   412.9    430.7    126.9  0610
   435.2    453.0    126.9  0856
   457.4    473.0    126.9  1.97
   499.3    517.1    126.9  0607
   521.6    539.4    126.9  0847
   543.8    559.4    126.9  1.35
    38.7     49.4    137.1  TH
    52.9     70.7    134.4  1113
    75.2     93.0    134.4  1422
    95.2    113.4    134.4  -5.47
   125.0    135.7    137.1  FR
   139.3    157.1    134.4  1146
   161.6    179.4    134.4  1513
   181.6    199.8    134.4  -4.27
   218.2    229.3    137.1  SU
   232.9    250.7    134.4  1306
   255.2    273.0    134.4  1620
   275.2    293.4    134.4  -4.92
   302.8    315.7    137.1  MO
   319.3    337.1    134.4  1309
   341.6    359.4    134.4  1643
   361.6    379.8    134.4  -3.82
   398.2    409.3    137.1  SU
   412.9    430.7    134.4  1136
   435.2    453.0    134.4  1452
   455.2    473.4    134.4  -4.62
   482.8    495.7    137.1  MO
   499.3    517.1    134.4  1115
   521.6    539.4    134.4  1440
   541.6    559.8    134.4  -3.75
    52.9     70.7    141.9  1904
    75.2     93.0    141.9  2210
    97.4    113.0    141.9  3.88
   139.3    157.1    141.9  1944
   161.6    179.4    141.9  2241
   183.8    199.4    141.9  3.47
   232.9    250.7    141.9  2102
   255.2    273.0    141.9  2358
   277.4    293.0    141.9  3.88
   319.3    337.1    141.9  2102
   412.9    430.7    141.9  1927
   435.2    453.0    141.9  2232
   457.4    473.0    141.9  3.37
   499.3    517.1    141.9  1855
   521.6    539.4    141.9  2225
   543.8    559.4    141.9  2.92
    41.2     49.4    154.7  2
   119.3    135.7    154.7  17
   221.1    229.3    154.7  2
   299.3    315.7    154.7  17
   401.1    409.3    154.7  2
   479.3    495.7    154.7  17
    52.9     70.7    158.6  0217
    75.2     93.0    158.6  0422
    95.2    113.4    158.6  -2.74
   139.3    157.1    158.6  0316
   161.6    179.4    158.6  0525
   181.6    199.8    158.6  -2.20
   232.9    250.7    158.6  0417
   255.2    273.0    158.6  0631
   275.2    293.4    158.6  -3.05
   341.6    359.4    158.6  0008
   363.8    379.4    158.6  3.43
   412.9    430.7    158.6  0237
   435.2    453.0    158.6  0448
   455.2    473.4    158.6  -2.63
   499.3    517.1    158.6  0216
   521.6    539.4    158.6  0432
   541.6    559.8    158.6  -2.26
    52.9     70.7    166.2  0708
    75.2     93.0    166.2  0946

distinct x0 values: 109
x0 histogram (value:count), sorted:
       33 : 6
       37 : 4
       38 : 2
       39 : 13
       41 : 9
       50 : 1
       53 : 59
       67 : 1
       69 : 1
       75 : 60
       77 : 1
       87 : 1
       92 : 1
       94 : 1
       95 : 30
       97 : 30
       98 : 1
      119 : 16
      120 : 1
      122 : 1
      123 : 4
      125 : 12
      133 : 1
      135 : 1
      139 : 64
      155 : 1
      159 : 1
      161 : 1
      162 : 64
      169 : 1
      171 : 1
      175 : 1
      181 : 1
      182 : 32
      183 : 1
      184 : 32
      190 : 1
      194 : 1
      198 : 1
      203 : 1
      208 : 1
      210 : 1
      213 : 7
      216 : 4
      218 : 4
      219 : 8
      221 : 9
      224 : 1
      233 : 60
      238 : 1
      240 : 1
      245 : 1
      249 : 1
      252 : 1
      253 : 2
      255 : 60
      256 : 1
      271 : 2
      275 : 30
      277 : 29
      279 : 1
      284 : 1
      294 : 1
      299 : 13
      301 : 1
      303 : 5
      305 : 9
      308 : 1
      313 : 1
      319 : 52
      324 : 1
      330 : 1
      341 : 1
      342 : 51
      352 : 1
      362 : 26
      364 : 25
      387 : 1
      391 : 1
      393 : 6
      396 : 4
      398 : 3
      399 : 8
      401 : 9
      406 : 1
      413 : 61
      435 : 60
      439 : 1
      440 : 1
      450 : 1
      453 : 1
      455 : 30
      457 : 29
      460 : 1
      479 : 16
      483 : 5
      485 : 11
      488 : 1
      490 : 2
      495 : 1
      499 : 64
      516 : 1
      517 : 1
      521 : 1
      522 : 63
      532 : 1
      542 : 32
      544 : 31
      549 : 1
